5620
5619
5621
5622
5623
5624
5625
5626
5627
5628
5630
5629
5632
5631
5633
5634
5635
5636
5637
5638
5639
5640
5641
5642
5643
5644
5645
5646
5647
5648
5649
5650
5651
5652
5653
5654
5655
5656
5658
5657
5659
5660
5661
5662
5663
5664
5665
5666
5667
5668
5669
566
5670
5671
5672
5673
5674
5675
5676
5677
5679
5678
5680
567
5682
5681
5683
5684
5685
5686
5687
5688
568
5689
5690
5691
5693
5692
5694
5695
5696
5697
5698
5699
569
56
5700
5701
5702
5703
5704
5705
5706
5707
5708
570
5709
5711
5710
5712
5713
5715
5714
5716
5717
5718
5719
571
5720
5721
5722
5723
5724
5725
5726
5727
5728
5729
572
5730
5732
5731
5734
5733
5735
5736
5737
5738
573
5739
5740
5741
5743
5742
5745
5744
5746
5747
5748
5750
5749
5751
5752
